saved_model/modified_ADD0809best_s384_continue_3vcls_e192_128_224_noqat_nocfg_integer_quant.tflite : 0.0006391911035321568
saved_model/modified_ADD0809best_s384_continue_3vcls_e192_128_224_noqat_nocfg_integer_quant.tflite : 0.7732325015054233
saved_model/modified_ADD0809best_s384_continue_3vcls_e192_128_224_noqat_nocfg_integer_quant.tflite : 0.736020046045151
saved_model/modified_ADD0809best_s384_continue_3vcls_e192_128_224_noqat_integer_quant.tflite : 0.6936544709321075
saved_model/modified_ADD0809best_s384_continue_3vcls_e192_128_224_noqat_integer_quant.tflite : 0.6936158180752668
saved_model/modified_ADD0809_s384_withqat_3vcls_e192_128_224_noqat_integer_quant.tflite : 0.7343868124854247
saved_model/modified_ADD0809_s384_withqat_3vcls_e299_128_224_qat_integer_quant.tflite : 0.7705869250166755
saved_model/modified_cityscapes_ADAS_rider_and_pedestrian_night_yolov7-mobilenet_nofuse_easyaugment_smallest_min_little_stronger_s448_448_qat_e204_no_opt_128_224_integer_quant.tflite : 0.49065444189694585
