saved_model/modified_epoch_041_no_opt_96_96_float16.tflite : (0.9871723368655884,0.9624796084828712,0.9665425775518325)
saved_model/modified_epoch_043_no_opt_96_96_float16.tflite : (0.9871723368655884,0.9624796084828712,0.9665499997742392)
saved_model/modified_epoch_045_no_opt_96_96_float16.tflite : (0.9871723368655884,0.9624796084828712,0.9665494720221272)
saved_model/modified_epoch_047_no_opt_96_96_float16.tflite : (0.9871651785714286,0.9619358346927678,0.9660134608893713)
saved_model/modified_epoch_049_no_opt_96_96_float16.tflite : (0.9871651785714286,0.9619358346927678,0.966000085162663)
saved_model/modified_epoch_051_no_opt_96_96_float16.tflite : (0.9871723368655884,0.9624796084828712,0.9665059529313024)
saved_model/modified_epoch_053_no_opt_96_96_float16.tflite : (0.9871651785714286,0.9619358346927678,0.966032425916074)
saved_model/modified_epoch_055_no_opt_96_96_float16.tflite : (0.9871580122836404,0.9613920609026645,0.9655071197217749)
saved_model/modified_epoch_057_no_opt_96_96_float16.tflite : (0.9871651785714286,0.9619358346927678,0.9660696603401366)
saved_model/modified_epoch_059_no_opt_96_96_float16.tflite : (0.9871651785714286,0.9619358346927678,0.9660696989888671)
saved_model/modified_epoch_061_no_opt_96_96_float16.tflite : (0.9871651785714286,0.9619358346927678,0.9660751508954674)
saved_model/modified_epoch_063_no_opt_96_96_float16.tflite : (0.9871651785714286,0.9619358346927678,0.9660934464497712)
saved_model/modified_epoch_065_no_opt_96_96_float16.tflite : (0.9871651785714286,0.9619358346927678,0.9660933181490922)
saved_model/modified_epoch_067_no_opt_96_96_float16.tflite : (0.9871723368655884,0.9624796084828712,0.9666308015392358)
saved_model/modified_epoch_069_no_opt_96_96_float16.tflite : (0.9871720138017538,0.9624550672106272,0.9666174358513323)
saved_model/modified_epoch_071_no_opt_96_96_float16.tflite : (0.9871788159695035,0.9629723374654346,0.9671661025601566)
saved_model/modified_epoch_073_no_opt_96_96_float16.tflite : (0.9866295264623955,0.9630233822729745,0.9671618015463374)
saved_model/modified_epoch_075_no_opt_96_96_float16.tflite : (0.9871784503629072,0.9629445334714606,0.9671676431112394)
saved_model/modified_epoch_077_no_opt_96_96_float16.tflite : (0.9871627660498039,0.9630233822729745,0.9671678716118401)
saved_model/modified_epoch_079_no_opt_96_96_float16.tflite : (0.9871723105214489,0.9630233822729745,0.9671683097334437)
saved_model/modified_epoch_041_no_opt_96_96_float16.tflite : (347)
saved_model/modified_epoch_043_no_opt_96_96_float16.tflite : (337)
saved_model/modified_epoch_045_no_opt_96_96_float16.tflite : (328)
saved_model/modified_epoch_047_no_opt_96_96_float16.tflite : (321)
saved_model/modified_epoch_049_no_opt_96_96_float16.tflite : (322)
saved_model/modified_epoch_051_no_opt_96_96_float16.tflite : (327)
saved_model/modified_epoch_053_no_opt_96_96_float16.tflite : (339)
saved_model/modified_epoch_055_no_opt_96_96_float16.tflite : (352)
saved_model/modified_epoch_057_no_opt_96_96_float16.tflite : (359)
saved_model/modified_epoch_059_no_opt_96_96_float16.tflite : (359)
saved_model/modified_epoch_061_no_opt_96_96_float16.tflite : (345)
saved_model/modified_epoch_063_no_opt_96_96_float16.tflite : (314)
saved_model/modified_epoch_065_no_opt_96_96_float16.tflite : (298)
saved_model/modified_epoch_067_no_opt_96_96_float16.tflite : (284)
saved_model/modified_epoch_069_no_opt_96_96_float16.tflite : (269)
saved_model/modified_epoch_071_no_opt_96_96_float16.tflite : (265)
saved_model/modified_epoch_073_no_opt_96_96_float16.tflite : (260)
saved_model/modified_epoch_075_no_opt_96_96_float16.tflite : (271)
saved_model/modified_epoch_077_no_opt_96_96_float16.tflite : (282)
saved_model/modified_epoch_079_no_opt_96_96_float16.tflite : (320)
