saved_model/modified_epoch_000_no_opt_128_128_integer_quant.tflite : 0.7276004359602957
saved_model/modified_epoch_001_no_opt_128_128_integer_quant.tflite : 0.7604648645619542
saved_model/modified_epoch_002_no_opt_128_128_integer_quant.tflite : 0.6646503569608495
saved_model/modified_epoch_003_no_opt_128_128_integer_quant.tflite : 0.806949770120175
saved_model/modified_epoch_004_no_opt_128_128_integer_quant.tflite : 0.7465368671508422
saved_model/modified_epoch_005_no_opt_128_128_integer_quant.tflite : 0.7444111918994295
saved_model/modified_epoch_006_no_opt_128_128_integer_quant.tflite : 0.7474147323296225
saved_model/modified_epoch_007_no_opt_128_128_integer_quant.tflite : 0.7743144291712256
saved_model/modified_epoch_008_no_opt_128_128_integer_quant.tflite : 0.6690670247978433
saved_model/modified_epoch_009_no_opt_128_128_integer_quant.tflite : 0.603175573456627
saved_model/modified_epoch_010_no_opt_128_128_integer_quant.tflite : 0.7402588854799108
saved_model/modified_epoch_011_no_opt_128_128_integer_quant.tflite : 0.6781581965610303
