saved_model/modified_epoch_002_no_opt_128_128_integer_quant.tflite : 0.060861513208836746
saved_model/modified_epoch_005_no_opt_128_128_integer_quant.tflite : 0.09564743171930247
saved_model/modified_epoch_009_no_opt_128_128_integer_quant.tflite : 0.12134666677880486
saved_model/modified_epoch_012_no_opt_128_128_integer_quant.tflite : 0.10392032412755205
saved_model/modified_epoch_015_no_opt_128_128_integer_quant.tflite : 0.1440427220104712
saved_model/modified_epoch_019_no_opt_128_128_integer_quant.tflite : 0.07705865675767709
saved_model/modified_epoch_022_no_opt_128_128_integer_quant.tflite : 0.08341150570723035
saved_model/modified_epoch_029_no_opt_128_128_integer_quant.tflite : 0.14604438273263126
saved_model/modified_epoch_032_no_opt_128_128_integer_quant.tflite : 0.13013613342590083
saved_model/modified_epoch_039_no_opt_128_128_integer_quant.tflite : 9.882296255040799e-05
