saved_model/modified_epoch_000_no_opt_192_192_integer_quant.tflite : 0.0361928225822482
saved_model/modified_epoch_001_no_opt_192_192_integer_quant.tflite : 0.029368778338313972
saved_model/modified_epoch_002_no_opt_192_192_integer_quant.tflite : 0.028467405059704715
saved_model/modified_epoch_003_no_opt_192_192_integer_quant.tflite : 0.02197377582566933
saved_model/modified_epoch_004_no_opt_192_192_integer_quant.tflite : 0.022078189954458267
saved_model/modified_epoch_005_no_opt_192_192_integer_quant.tflite : 0.024569161634769816
saved_model/modified_epoch_006_no_opt_192_192_integer_quant.tflite : 0.030053316538585204
saved_model/modified_epoch_007_no_opt_192_192_integer_quant.tflite : 0.02229976204635717
saved_model/modified_epoch_008_no_opt_192_192_integer_quant.tflite : 0.02686615021437603
saved_model/modified_epoch_009_no_opt_192_192_integer_quant.tflite : 0.020555228652859872
saved_model/modified_epoch_010_no_opt_192_192_integer_quant.tflite : 0.019109633937981055
saved_model/modified_epoch_011_no_opt_192_192_integer_quant.tflite : 0.017034229041699628
saved_model/modified_epoch_012_no_opt_192_192_integer_quant.tflite : 0.01908408388478919
saved_model/modified_epoch_013_no_opt_192_192_integer_quant.tflite : 0.0175109393606719
saved_model/modified_epoch_014_no_opt_192_192_integer_quant.tflite : 0.022259848627694073
saved_model/modified_epoch_015_no_opt_192_192_integer_quant.tflite : 0.021084129103095112
saved_model/modified_epoch_016_no_opt_192_192_integer_quant.tflite : 0.018216111558969454
saved_model/modified_epoch_017_no_opt_192_192_integer_quant.tflite : 0.02094975263429349
saved_model/modified_epoch_018_no_opt_192_192_integer_quant.tflite : 0.01855957621516581
saved_model/modified_epoch_019_no_opt_192_192_integer_quant.tflite : 0.01673193471465211
saved_model/modified_epoch_020_no_opt_192_192_integer_quant.tflite : 0.023741793960580244
saved_model/modified_epoch_021_no_opt_192_192_integer_quant.tflite : 0.0262361336418934
saved_model/modified_epoch_022_no_opt_192_192_integer_quant.tflite : 0.02271944434239781
saved_model/modified_epoch_023_no_opt_192_192_integer_quant.tflite : 0.01877603214919272
saved_model/modified_epoch_024_no_opt_192_192_integer_quant.tflite : 0.017747693911876854
saved_model/modified_epoch_025_no_opt_192_192_integer_quant.tflite : 0.022373230142916842
saved_model/modified_epoch_026_no_opt_192_192_integer_quant.tflite : 0.020663993839191035
saved_model/modified_epoch_027_no_opt_192_192_integer_quant.tflite : 0.021513938714442626
saved_model/modified_epoch_028_no_opt_192_192_integer_quant.tflite : 0.021660424804033893
saved_model/modified_epoch_029_no_opt_192_192_integer_quant.tflite : 0.01893379938899087
saved_model/modified_epoch_030_no_opt_192_192_integer_quant.tflite : 0.019839300104403296
saved_model/modified_epoch_031_no_opt_192_192_integer_quant.tflite : 0.020377949202681607
saved_model/modified_epoch_032_no_opt_192_192_integer_quant.tflite : 0.017908658666921862
