saved_model/modified_head_mobilenet_t1_no_opt_128_128_integer_quant.tflite : 0.7371356015364618
saved_model/modified_head_mobilenet_t1_qat_no_opt_128_128_integer_quant.tflite : 0.7255061585578828
saved_model/modified_head_mobilenet_t2_no_opt_128_128_integer_quant.tflite : 0.7210638420580817
saved_model/modified_head_mobilenet_t2_qat_no_opt_128_128_integer_quant.tflite : 0.7353749961569613
saved_model/modified_head_mobilenet_t3_no_opt_128_128_integer_quant.tflite : 0.8555990151908806
saved_model/modified_head_mobilenet_t4_no_opt_128_128_integer_quant.tflite : 0.7384158484518117
saved_model/modified_head_mobilenet_t5_qat_no_opt_128_128_integer_quant.tflite : 0.7363874300012954
saved_model/modified_head_mobilenet_t6_qat_no_opt_128_128_integer_quant.tflite : 0.7274358411019441
saved_model/modified_head_mobilenet_t7_qat_no_opt_128_128_integer_quant.tflite : 0.7580072871942001
saved_model/modified_head_mobilenet_t8_qat_no_opt_128_128_integer_quant.tflite : 0.8449046453359795
saved_model/modified_head_mobilenet_t9_qat_no_opt_128_128_integer_quant.tflite : 0.7174791336850277
saved_model/modified_head_mobilenet_t10_qat_no_opt_128_128_integer_quant.tflite : 0.865287251231387
saved_model/modified_head_mobilenet_t11_qat_no_opt_128_128_integer_quant.tflite : 0.8446821140633105
saved_model/modified_head_mobilenet_t12_qat_no_opt_128_128_integer_quant.tflite : 0.8624221920089494
saved_model/modified_head_mobilenet_t13_qat_no_opt_128_128_integer_quant.tflite : 1.7863608479286947e-05
saved_model/modified_head_mobilenet_t12_qat_no_opt_128_128_integer_quant.tflite : 0.8625335016397822
saved_model/modified_head_mobilenet_t13_qat_no_opt_128_128_integer_quant.tflite : 0.8318475619294146
saved_model/modified_head_mobilenet_t13_qat_no_opt_128_128_integer_quant.tflite : 0.8318386725840441
saved_model/modified_head_mobilenet_t14_qat_no_opt_128_128_integer_quant.tflite : 0.874679872551953
saved_model/modified_head_mobilenet_t15_qat_no_opt_128_128_integer_quant.tflite : (0.8963174605738836,0.7954091816367266,0.872094801567076)
