saved_model/modified_epoch_002_no_opt_128_128_integer_quant.tflite : 0.1140548989184398
saved_model/modified_epoch_005_no_opt_128_128_integer_quant.tflite : 0.09465906662474194
saved_model/modified_epoch_009_no_opt_128_128_integer_quant.tflite : 0.12130503970134011
saved_model/modified_epoch_012_no_opt_128_128_integer_quant.tflite : 0.1036598595194108
saved_model/modified_epoch_015_no_opt_128_128_integer_quant.tflite : 0.14391245454939566
saved_model/modified_epoch_019_no_opt_128_128_integer_quant.tflite : 0.07712065415797333
saved_model/modified_epoch_022_no_opt_128_128_integer_quant.tflite : 0.08338070204413303
saved_model/modified_epoch_029_no_opt_128_128_integer_quant.tflite : 0.00011319826770405521
saved_model/modified_epoch_032_no_opt_128_128_integer_quant.tflite : 0.0003199627830042386
saved_model/modified_epoch_035_no_opt_128_128_integer_quant.tflite : 0.00021319056147562672
saved_model/modified_epoch_039_no_opt_128_128_integer_quant.tflite : 0.06789255747270696
