saved_model/modified_epoch_000_no_opt_128_128_integer_quant.tflite : (0.7981035350332663,0.7025948103792415,0.7542360641547465)
saved_model/modified_epoch_002_no_opt_128_128_integer_quant.tflite : (0.771493026474316,0.6706586826347305,0.7534568390651777)
saved_model/modified_epoch_004_no_opt_128_128_integer_quant.tflite : (0.7521172693826715,0.7784431137724551,0.7994382644400023)
saved_model/modified_epoch_006_no_opt_128_128_integer_quant.tflite : (0.8319016933321405,0.7754491017964071,0.8360007650173129)
saved_model/modified_epoch_010_no_opt_128_128_integer_quant.tflite : (0.8421523713161493,0.8153692614770459,0.8606488175160545)
saved_model/modified_epoch_012_no_opt_128_128_integer_quant.tflite : (0.88783612507543,0.783433133732535,0.8587167654582288)
saved_model/modified_epoch_014_no_opt_128_128_integer_quant.tflite : (0.8618020979506138,0.7903912295036053,0.8513471863616671)
saved_model/modified_epoch_016_no_opt_128_128_integer_quant.tflite : (0.8806007142226665,0.7954091816367266,0.8602076508505491)
saved_model/modified_epoch_020_no_opt_128_128_integer_quant.tflite : (0.8543393213055491,0.8023952095808383,0.8580623773869392)
saved_model/modified_epoch_022_no_opt_128_128_integer_quant.tflite : (0.830628772998223,0.8273453093812375,0.8555881161266004)
saved_model/modified_epoch_024_no_opt_128_128_integer_quant.tflite : (0.8710220488807855,0.79529457778925,0.8587430873874113)
saved_model/modified_epoch_026_no_opt_128_128_integer_quant.tflite : (0.8704227736860485,0.784367774740507,0.8589557323171058)
saved_model/modified_epoch_030_no_opt_128_128_integer_quant.tflite : (0.8392424370326603,0.8093812375249501,0.8600796775592408)
saved_model/modified_epoch_032_no_opt_128_128_integer_quant.tflite : (0.8405586960516427,0.8053892215568862,0.8622537147886143)
saved_model/modified_epoch_034_no_opt_128_128_integer_quant.tflite : (0.859909191641451,0.7963767969039464,0.854721786421566)
saved_model/modified_epoch_036_no_opt_128_128_integer_quant.tflite : (0.8504158538926762,0.7943394546101689,0.8687033029397144)
saved_model/modified_epoch_040_no_opt_128_128_integer_quant.tflite : (0.8555009791826708,0.810379241516966,0.8617744331277086)
saved_model/modified_epoch_042_no_opt_128_128_integer_quant.tflite : (0.8546812290167646,0.8223552894211577,0.8725486097940993)
saved_model/modified_epoch_044_no_opt_128_128_integer_quant.tflite : (0.8416120906114382,0.8273453093812375,0.869554071069399)
saved_model/modified_epoch_046_no_opt_128_128_integer_quant.tflite : (0.8554788514645584,0.8093395091234762,0.8768219169228486)
