saved_model/modified_epoch_000_no_opt_192_192_integer_quant.tflite : 0.46281768059963246
saved_model/modified_epoch_005_no_opt_192_192_integer_quant.tflite : 0.43263765310231406
saved_model/modified_epoch_009_no_opt_192_192_integer_quant.tflite : 0.3680784762710353
saved_model/modified_epoch_010_no_opt_192_192_integer_quant.tflite : 0.3523002756572932
saved_model/modified_epoch_015_no_opt_192_192_integer_quant.tflite : 0.3085702721967083
saved_model/modified_epoch_019_no_opt_192_192_integer_quant.tflite : 0.2895774916544449
saved_model/modified_epoch_020_no_opt_192_192_integer_quant.tflite : 0.2899889250014229
saved_model/modified_epoch_025_no_opt_192_192_integer_quant.tflite : 0.27543153849486174
saved_model/modified_epoch_029_no_opt_192_192_integer_quant.tflite : 0.2684657823331928
saved_model/modified_epoch_030_no_opt_192_192_integer_quant.tflite : 0.2587894675814303
saved_model/modified_epoch_035_no_opt_192_192_integer_quant.tflite : 0.25989995209509553
saved_model/modified_epoch_039_no_opt_192_192_integer_quant.tflite : 0.25177655095671114
saved_model/modified_epoch_040_no_opt_192_192_integer_quant.tflite : 0.24852352375557174
saved_model/modified_epoch_045_no_opt_192_192_integer_quant.tflite : 0.24295738866605632
saved_model/modified_epoch_049_no_opt_192_192_integer_quant.tflite : 0.24574939707860338
saved_model/modified_epoch_050_no_opt_192_192_integer_quant.tflite : 0.23590865105714592
saved_model/modified_epoch_055_no_opt_192_192_integer_quant.tflite : 0.23000684735528865
saved_model/modified_epoch_059_no_opt_192_192_integer_quant.tflite : 0.22097450278198216
saved_model/modified_epoch_060_no_opt_192_192_integer_quant.tflite : 0.2268353819346695
saved_model/modified_epoch_065_no_opt_192_192_integer_quant.tflite : 0.24728483295453457
saved_model/modified_epoch_069_no_opt_192_192_integer_quant.tflite : 0.23121164558784066
saved_model/modified_epoch_070_no_opt_192_192_integer_quant.tflite : 0.2285651372993595
saved_model/modified_epoch_075_no_opt_192_192_integer_quant.tflite : 0.22441423356848644
saved_model/modified_epoch_079_no_opt_192_192_integer_quant.tflite : 0.21913249329199327
saved_model/modified_epoch_080_no_opt_192_192_integer_quant.tflite : 0.22233078723561694
saved_model/modified_epoch_085_no_opt_192_192_integer_quant.tflite : 0.21210632617503777
saved_model/modified_epoch_089_no_opt_192_192_integer_quant.tflite : 0.22135277037705686
saved_model/modified_epoch_090_no_opt_192_192_integer_quant.tflite : 0.2213397049412998
saved_model/modified_epoch_095_no_opt_192_192_integer_quant.tflite : 0.22659571146568033
saved_model/modified_epoch_099_no_opt_192_192_integer_quant.tflite : 0.21940042287635936
saved_model/modified_epoch_100_no_opt_192_192_integer_quant.tflite : 0.21713672454912164
