weights_phone_candis/modified_ciga_mobilenet_n78_testtrain_e099_no_opt_128_128_integer_quant.tflite : 0.0002800248203378062
weights_phone_candis/modified_DK_phone_tune_lesssolo6_lrtune9_s384_n78_tel_e026_s128_no_opt_128_128_integer_quant.tflite : 0.20516792377040965
