saved_model/modified_epoch_001_no_opt_128_128_integer_quant.tflite : 0.832517785316985
saved_model/modified_epoch_003_no_opt_128_128_integer_quant.tflite : 0.802043586163457
saved_model/modified_epoch_005_no_opt_128_128_integer_quant.tflite : 0.8047561215612009
saved_model/modified_epoch_007_no_opt_128_128_integer_quant.tflite : 0.872332509845104
saved_model/modified_epoch_009_no_opt_128_128_integer_quant.tflite : 0.8572300610760953
saved_model/modified_epoch_011_no_opt_128_128_integer_quant.tflite : 0.8701581176416885
saved_model/modified_epoch_013_no_opt_128_128_integer_quant.tflite : 0.8605743033321487
saved_model/modified_epoch_015_no_opt_128_128_integer_quant.tflite : 0.8789528928173107
saved_model/modified_epoch_017_no_opt_128_128_integer_quant.tflite : 0.8707683648382565
saved_model/modified_epoch_019_no_opt_128_128_integer_quant.tflite : 0.8648920006981802
saved_model/modified_epoch_021_no_opt_128_128_integer_quant.tflite : 0.8683250699317159
saved_model/modified_epoch_023_no_opt_128_128_integer_quant.tflite : 0.868915676168252
saved_model/modified_epoch_025_no_opt_128_128_integer_quant.tflite : 0.8651360401725373
